396
459
421
373
391
360
404
282
403
327
491
278
260
329
341
340
412
408
429
341
389
380
372
378
357
346
356
367
357
388
332
311
324
423
371
303
418
340
275
352
412
362
291
299
361
302
266
389
400
430
373
448
379
354
419
427
432
476
398
292
355
343
341
377
398
325
383
275
464
283
334
366
373
367
393
410
421
361
420
353
370
397
288
405
354
309
421
277
368
285
406
370
451
366
326
371
413
319
428
326
385
407
302
438
277
292
401
335
479
327
254
362
318
407
423
309
340
359
370
330
450
320
306
310
302
298
339
336
428
321
379
325
309
365
338
291
309
381
324
395
302
292
340
441
474
298
296
359
358
373
378
340
425
330
358
351
281
345
380
485
326
374
390
340
335
353
418
276
358
309
384
365
281
382
349
370
424
304
375
433
335
447
431
310
387
378
303
376
485
364
288
370
393
410
447
313
286
364
371
387
415
368
368
305
313
316
421
359
463
368
402
359
307
285
342
351
392
439
308
289
339
379
485
315
253
420
338
389
307
417
336
473
325
302
293
397
292
354
310
294
393
440
355
421
354
262
320
322
396
300
361
423
379
324
368
304
329
388
397
349
442
404
363
361
321
344
404
313
402
327
352
394
346
408
385
453
378
384
423
446
350
450
341
358
427
436
382
292
295
287
401
370
463
295
411
395
429
291
281
375
384
337
418
288
329
395
356
283
387
353
342
409
321
484
433
396
362
300
368
297
360
347
279
416
343
319
361
365
358
265
381
342
367
380
380
350
418
473
327
324
467
350
354
291
370
393
418
378
312
354
385
468
339
407
363
309
358
356
495
345
407
268
256
358
274
370
336
350
417
368
388
355
303
372
322
318
409
290
425
411
324
378
360
339
342
423
335
303
468
376
397
344
369
308
431
423
414
385
389
392
278
385
383
274
281
323
408
364
387
385
304
366
443
321
334
383
351
341
337
489
391
383
485
394
277
417
337
425
408
392
346
360
443
273
428
463
366
278
263
312
423
329
356
346
338
438
361
424
390
329
382
298
435
350
286
382
305
265
281
351
358
380
449
354
351
320
314
348
311
368
324
383
416
405
492
444
312
349
450
328
336
413
342
346
276
306
424
394
371
320
354
388
459
277
354
450
437
290
282
323
